{
    "precision": 0.9348502901948725,
    "recall": 0.9484109962955742,
    "f1": 0.9415818202934458,
    "accuracy": 0.9899056263957928
}