{'precision': 0.8639391675923112,
 'recall': 0.8675558978722345,
 'f1': 0.8638551031245556,
 'accuracy': 0.9942459420054489}