{'precision': 0.9445272846037186,
 'recall': 0.9506639518794622,
 'f1': 0.9443591294268113,
 'accuracy': 0.9908448124902091}