{
    "precision": 0.9597167652519322,
    "recall": 0.9680763032968948,
    "f1": 0.9638784094358441,
    "accuracy": 0.9939831424248974
}